진정환 [[10.0, 10.5, 11.0, 11.5, 15.0, 15.5], [11.0, 11.5, 12.0, 12.5, 16.0, 16.5], [11.0, 11.5, 14.0, 14.5, 15.0, 15.5, 16.0, 16.5, 17.0, 17.5, 18.0, 18.5, 19.0, 19.5], [10.0, 10.5, 11.0, 11.5, 14.0, 14.5, 16.0, 16.5, 17.0, 17.5], [], [], []]
진경원 [[], [13.0, 13.5, 15.0, 15.5, 16.0, 16.5], [9.0, 9.5, 10.0, 10.5, 11.0, 11.5, 13.0, 13.5, 14.0, 14.5], [9.0, 9.5, 10.0, 10.5, 11.0, 11.5, 12.0, 12.5, 13.0, 13.5], [14.0, 14.5, 15.0, 15.5], [], []]
이경민 [[9.0, 9.5, 10.0, 10.5, 12.0, 12.5, 14.0, 14.5, 15.0, 15.5, 16.0, 16.5, 17.0, 17.5], [11.0, 11.5, 13.0, 13.5, 14.0, 14.5, 19.0, 19.5, 20.0, 20.5, 21.0, 21.5, 22.0, 22.5, 23.0, 23.5], [9.0, 9.5, 11.0, 11.5, 12.0, 12.5, 14.0, 14.5, 15.0, 15.5, 16.0, 16.5, 17.0, 17.5], [9.0, 9.5, 10.0, 10.5, 13.0, 13.5], [15.0, 15.5, 16.0, 16.5], [], []] 
김준환 [[9.0, 9.5, 10.0, 10.5, 11.0, 11.5, 12.0, 12.5], [11.0, 11.5, 14.0, 14.5, 15.0, 15.5], [10.0, 10.5, 11.0, 11.5, 17.0, 17.5], [9.0, 9.5, 10.0, 10.5, 11.0, 11.5, 12.0, 12.5], [], [], []]
박종혁 [[13.0, 13.5, 14.0, 14.5, 15.0, 15.5, 16.0, 16.5, 17.0, 17.5], [10.5, 11.0, 11.5, 12.0, 12.5, 13.0, 15.0, 15.5, 16.0, 18.0, 18.5, 19.0, 19.5, 20.0, 20.5, 21.0, 21.5, 22.0, 22.5, 23.0, 23.5], [14.0, 14.5, 15.0, 15.5, 16.0, 16.5, 17.0, 17.5], [10.5, 11.0, 11.5, 12.0, 12.5, 13.0, 15.0, 15.5, 16.0], [], [], []]
신경원 [[9.0, 9.5, 10.0, 10.5, 11.0, 11.5, 14.0, 14.5, 15.0, 15.5, 16.0, 16.5], [9.0, 9.5, 10.0, 10.5, 11.0, 11.5, 13.5, 14.0, 14.5, 15.0, 15.5], [13.0, 13.5, 14.0, 14.5, 15.0, 15.5], [9.0, 9.5, 10.0, 10.5, 11.0, 11.5, 13.5, 14.0, 14.5, 15.0, 15.5, 16.0, 16.5, 17.0, 17.5, 18.0, 18.5, 19.0, 19.5, 20.0, 20.5, 21.0, 21.5], [9.0, 9.5, 10.0, 10.5, 11.0, 11.5, 13.0, 13.5, 14.0, 14.5, 15.0, 15.5, 16.0, 16.5, 17.0, 17.5, 18.0, 18.5, 19.0, 19.5, 20.0, 20.5, 21.0, 21.5], [], []]
윤정빈 [[11.0, 11.5, 12.0, 12.5], [15.0, 15.5, 16.0, 16.5], [], [10.0, 10.5, 14.0, 14.5, 15.0, 15.5, 16.0, 16.5, 17.0, 17.5], [], [], []]
장훈석 [[16.0, 16.5, 17.0, 17.5], [], [10.0, 10.5, 11.0, 11.5, 12.0, 12.5, 16.0, 16.5, 17.0, 17.5], [10.0, 10.5, 11.0, 11.5, 12.0, 12.5], [9.0, 9.5, 10.0, 10.5, 11.0, 11.5], [], []]
박재성 [[9.0, 9.5, 10.0, 10.5, 11.0, 11.5, 12.0, 12.5, 16.0, 16.5, 17.0, 17.5, 18.0, 18.5], [10.0, 10.5, 11.0, 11.5, 12.0, 12.5], [14.0, 14.5, 15.0, 15.5, 16.0, 16.5, 17.0, 17.5], [14.0, 14.5, 15.0, 15.5, 16.0, 16.5, 17.0, 17.5, 18.0, 18.5, 19.0, 19.5, 20.0, 20.5], [], [], []]
조형준 [[11.0, 11.5, 12.0, 12.5, 14.0, 14.5, 15.0, 15.5, 16.0, 16.5], [8.0, 8.5, 9.0, 9.5, 10.0, 10.5, 11.0, 11.5, 12.0, 12.5, 13.0, 13.5, 14.0, 14.5], [10.0, 10.5, 11.0, 11.5, 12.0, 12.5], [10.0, 10.5, 11.0, 11.5, 12.0, 12.5], [], [], []]
김태윤 [[10.0, 10.5, 11.0, 11.5, 14.0, 14.5, 15.0, 15.5], [10.5, 11.0, 11.5, 13.5, 14.0, 14.5, 15.0, 15.5, 16.0, 16.5], [10.0, 10.5, 14.0, 14.5], [10.5, 11.0, 11.5, 13.5, 14.0, 14.5, 15.0, 15.5, 16.0, 16.5], [], [], []]
김석준 [[10.0, 10.5, 11.0, 11.5, 12.0, 12.5], [10.0, 10.5, 11.0, 11.5, 12.0, 12.5, 13.0, 13.5], [13.0, 13.5, 14.0, 14.5, 15.0, 15.5, 16.0, 16.5, 17.0, 17.5], [], [10.0, 10.5, 11.0, 11.5, 12.0, 12.5, 13.0, 13.5], [], []]
김태은 [[14.0, 14.5, 15.0, 15.5, 16.0, 16.5], [10.5, 11.0, 11.5, 12.0, 12.5, 13.0, 16.0, 16.5, 17.0, 17.5], [13.0, 13.5, 14.0, 14.5, 15.0, 15.5], [10.5, 11.0, 11.5, 12.0, 12.5, 13.0, 17.0, 17.5, 18.0, 18.5], [10.0, 10.5, 11.0, 11.5, 12.0, 12.5], [], []]
김병건 [[14.0, 14.5, 15.0, 15.5, 16.0, 16.5, 17.0, 17.5], [14.0, 14.5, 15.0, 15.5, 16.0, 16.5, 17.0, 17.5], [9.0, 9.5, 10.0, 10.5, 11.0, 11.5, 12.0, 12.5], [9.0, 9.5, 10.0, 10.5, 11.0, 11.5, 12.0, 12.5, 14.0, 14.5, 15.0, 15.5, 16.0, 16.5, 17.0, 17.5], [14.0, 14.5, 15.0, 15.5, 16.0, 16.5, 17.0, 17.5], [], []]
신윤호 [[10.0, 10.5, 11.0, 11.5, 13.0, 13.5, 14.0, 14.5, 16.0, 16.5, 17.0, 17.5], [13.0, 13.5, 16.0, 16.5, 17.0, 17.5], [14.0, 14.5, 15.0, 15.5], [], [9.0, 9.5, 10.0, 10.5, 11.0, 11.5, 14.0, 14.5, 15.0, 15.5, 16.0, 16.5, 17.0, 17.5], [], []]
정지호 [[10.0, 10.5, 11.0, 11.5, 13.0, 13.5, 14.0, 14.5, 15.0, 15.5, 16.0, 16.5, 17.0, 17.5], [9.0, 9.5, 10.0, 10.5, 11.0, 11.5, 12.0, 12.5, 15.0, 15.5, 16.0, 16.5, 17.0, 17.5], [11.0, 11.5, 13.0, 13.5, 14.0, 14.5, 15.0, 15.5, 16.0, 16.5, 17.0, 17.5], [14.0, 14.5, 15.0, 15.5, 16.0, 16.5], [10.0, 10.5, 11.0, 11.5], [], []]
강세진 [[12.0, 12.5, 13.0, 13.5, 14.0, 14.5, 15.0, 15.5], [12.0, 12.5, 13.0, 13.5, 14.0, 14.5, 15.0, 15.5, 16.0, 16.5, 17.0, 17.5], [10.0, 10.5, 11.0, 11.5], [10.0, 10.5, 11.0, 11.5, 12.0, 12.5, 13.0, 13.5, 14.0, 14.5, 15.0, 15.5, 16.0, 16.5, 17.0, 17.5], [8.0, 8.5, 9.0, 9.5, 10.0, 10.5, 11.0, 11.5, 12.0, 12.5, 13.0, 13.5], [], []]