진정환 [[4, 5, 6, 7, 14, 15], [6, 7, 8, 9, 16, 17], [6, 7, 12, 13, 14, 15, 16, 17, 18, 19, 20, 21, 22, 23], [4, 5, 6, 7, 12, 13, 16, 17, 18, 19], [], [], []]
진경원 [[], [10, 11, 14, 15, 16, 17], [2, 3, 4, 5, 6, 7, 10, 11, 12, 13], [2, 3, 4, 5, 6, 7, 8, 9, 10, 11], [12, 13, 14, 15], [], []]
이경민 [[2, 3, 4, 5, 8, 9, 12, 13, 14, 15, 16, 17, 18, 19], [6, 7, 10, 11, 12, 13, 22, 23, 24, 25, 26, 27, 28, 29, 30, 31], [2, 3, 6, 7, 8, 9, 12, 13, 14, 15, 16, 17, 18, 19], [2, 3, 4, 5, 10, 11], [14, 15, 16, 17], [], []]
김준환 [[2, 3, 4, 5, 6, 7, 8, 9], [6, 7, 12, 13, 14, 15], [4, 5, 6, 7, 18, 19], [2, 3, 4, 5, 6, 7, 8, 9], [], [], []]
박종혁 [[10, 11, 12, 13, 14, 15, 16, 17, 18, 19], [5, 6, 7, 8, 9, 10, 14, 15, 16, 20, 21, 22, 23, 24, 25, 26, 27, 28, 29, 30, 31], [12, 13, 14, 15, 16, 17, 18, 19], [5, 6, 7, 8, 9, 10, 14, 15, 16], [], [], []]
신경원 [[2, 3, 4, 5, 6, 7, 12, 13, 14, 15, 16, 17], [2, 3, 4, 5, 6, 7, 11, 12, 13, 14, 15], [10, 11, 12, 13, 14, 15], [2, 3, 4, 5, 6, 7, 11, 12, 13, 14, 15, 16, 17, 18, 19, 20, 21, 22, 23, 24, 25, 26, 27], [2, 3, 4, 5, 6, 7, 10, 11, 12, 13, 14, 15, 16, 17, 18, 19, 20, 21, 22, 23, 24, 25, 26, 27], [], []]
윤정빈 [[6, 7, 8, 9], [14, 15, 16, 17], [], [4, 5, 12, 13, 14, 15, 16, 17, 18, 19], [], [], []]
장훈석 [[16, 17, 18, 19], [], [4, 5, 6, 7, 8, 9, 16, 17, 18, 19], [4, 5, 6, 7, 8, 9], [2, 3, 4, 5, 6, 7], [], []]
박재성 [[2, 3, 4, 5, 6, 7, 8, 9, 16, 17, 18, 19, 20, 21], [4, 5, 6, 7, 8, 9], [12, 13, 14, 15, 16, 17, 18, 19], [12, 13, 14, 15, 16, 17, 18, 19, 20, 21, 22, 23, 24, 25], [], [], []]
조형준 [[6, 7, 8, 9, 12, 13, 14, 15, 16, 17], [0, 1, 2, 3, 4, 5, 6, 7, 8, 9, 10, 11, 12, 13], [4, 5, 6, 7, 8, 9], [4, 5, 6, 7, 8, 9], [], [], []]
김태윤 [[4, 5, 6, 7, 12, 13, 14, 15], [5, 6, 7, 11, 12, 13, 14, 15, 16, 17], [4, 5, 12, 13], [5, 6, 7, 11, 12, 13, 14, 15, 16, 17], [], [], []]
김석준 [[4, 5, 6, 7, 8, 9], [4, 5, 6, 7, 8, 9, 10, 11], [10, 11, 12, 13, 14, 15, 16, 17, 18, 19], [], [4, 5, 6, 7, 8, 9, 10, 11], [], []]
김태은 [[12, 13, 14, 15, 16, 17], [5, 6, 7, 8, 9, 10, 16, 17, 18, 19], [10, 11, 12, 13, 14, 15], [5, 6, 7, 8, 9, 10, 18, 19, 20, 21], [4, 5, 6, 7, 8, 9], [], []]
김병건 [[12, 13, 14, 15, 16, 17, 18, 19], [12, 13, 14, 15, 16, 17, 18, 19], [2, 3, 4, 5, 6, 7, 8, 9], [2, 3, 4, 5, 6, 7, 8, 9, 12, 13, 14, 15, 16, 17, 18, 19], [12, 13, 14, 15, 16, 17, 18, 19], [], []]
신윤호 [[4, 5, 6, 7, 10, 11, 12, 13, 16, 17, 18, 19], [10, 11, 16, 17, 18, 19], [12, 13, 14, 15], [], [2, 3, 4, 5, 6, 7, 12, 13, 14, 15, 16, 17, 18, 19], [], []]
정지호 [[4, 5, 6, 7, 10, 11, 12, 13, 14, 15, 16, 17, 18, 19], [2, 3, 4, 5, 6, 7, 8, 9, 14, 15, 16, 17, 18, 19], [6, 7, 10, 11, 12, 13, 14, 15, 16, 17, 18, 19], [12, 13, 14, 15, 16, 17], [4, 5, 6, 7], [], []]
강세진 [[8, 9, 10, 11, 12, 13, 14, 15], [8, 9, 10, 11, 12, 13, 14, 15, 16, 17, 18, 19], [4, 5, 6, 7], [4, 5, 6, 7, 8, 9, 10, 11, 12, 13, 14, 15, 16, 17, 18, 19], [0, 1, 2, 3, 4, 5, 6, 7, 8, 9, 10, 11], [], []]
